0 0 543873741 0.506522
0 1 303860859 0.282992
0 2 125080967 0.116491
0 3 50315962 0.046860
0 4 21925986 0.020420
0 5 10688533 0.009954
0 6 5810075 0.005411
0 7 12185701 0.011349
1 0 320376143 0.298374
1 1 296686795 0.276311
1 2 187865178 0.174963
1 3 106347990 0.099044
1 4 59270101 0.055200
1 5 33947673 0.031616
1 6 20352739 0.018955
1 7 48895205 0.045537
2 0 198499058 0.184867
2 1 243678767 0.226944
2 2 197350422 0.183797
2 3 137446582 0.128007
2 4 90576671 0.084356
2 5 59036502 0.054982
2 6 38902547 0.036231
2 7 108251275 0.100817
3 0 124879010 0.116303
3 1 187320748 0.174456
3 2 180851581 0.168431
3 3 146507322 0.136446
3 4 109741794 0.102205
3 5 79509765 0.074049
3 6 57066950 0.053148
3 7 187864654 0.174963
4 0 77979368 0.072624
4 1 137234376 0.127809
4 2 152510445 0.142036
4 3 139763912 0.130165
4 4 116501666 0.108501
4 5 92483483 0.086132
4 6 71749823 0.066822
4 7 285518751 0.265910
5 0 47019958 0.043791
5 1 95210169 0.088671
5 2 119759739 0.111535
5 3 122339865 0.113938
5 4 112202932 0.104497
5 5 96860509 0.090208
5 6 80826208 0.075275
5 7 399522444 0.372084
6 0 26369019 0.024558
6 1 60984353 0.056796
6 2 86267105 0.080343
6 3 97752773 0.091039
6 4 98277948 0.091528
6 5 92035906 0.085715
6 6 82569949 0.076899
6 7 529484771 0.493121
7 0 12837628 0.011956
7 1 34040369 0.031703
7 2 54360965 0.050628
7 3 68575914 0.063866
7 4 75882129 0.070671
7 5 77433730 0.072116
7 6 75005443 0.069854
7 7 675605646 0.629207
