0 0 31896576 0.118824
0 1 50441194 0.187908
0 2 49087507 0.182865
0 3 38932881 0.145036
0 4 28042712 0.104467
0 5 19380726 0.072199
0 6 13250015 0.049360
0 7 9123626 0.033988
0 8 6381462 0.023773
0 9 4553899 0.016965
0 10 3330768 0.012408
0 11 2485935 0.009261
0 12 1895846 0.007063
0 13 1475081 0.005495
0 14 1167374 0.004349
0 15 938466 0.003496
0 16 765689 0.002852
0 17 632750 0.002357
0 18 528619 0.001969
0 19 445522 0.001660
0 20 379625 0.001414
0 21 327013 0.001218
0 22 282666 0.001053
0 23 246043 0.000917
0 24 215434 0.000803
0 25 190085 0.000708
0 26 167763 0.000625
0 27 149682 0.000558
0 28 1720497 0.006409
1 0 7778669 0.028978
1 1 18806895 0.070061
1 2 26868190 0.100092
1 3 29996426 0.111745
1 4 29193006 0.108752
1 5 26156345 0.097440
1 6 22303405 0.083087
1 7 18446412 0.068718
1 8 15014905 0.055935
1 9 12122280 0.045159
1 10 9759128 0.036356
1 11 7871874 0.029325
1 12 6376223 0.023753
1 13 5197810 0.019363
1 14 4266120 0.015893
1 15 3523848 0.013127
1 16 2940426 0.010954
1 17 2467313 0.009191
1 18 2080767 0.007751
1 19 1774618 0.006611
1 20 1523459 0.005675
1 21 1313245 0.004892
1 22 1140851 0.004250
1 23 996394 0.003712
1 24 872875 0.003252
1 25 771314 0.002873
1 26 682933 0.002544
1 27 609243 0.002270
1 28 7580482 0.028239
2 0 2381982 0.008874
2 1 7271978 0.027090
2 2 12843983 0.047848
2 3 17371460 0.064714
2 4 20120083 0.074953
2 5 21098233 0.078597
2 6 20696413 0.077100
2 7 19427610 0.072373
2 8 17659726 0.065788
2 9 15734384 0.058615
2 10 13802258 0.051417
2 11 12003993 0.044718
2 12 10377576 0.038659
2 13 8949901 0.033341
2 14 7708875 0.028718
2 15 6642588 0.024746
2 16 5733109 0.021357
2 17 4954053 0.018455
2 18 4305797 0.016040
2 19 3745628 0.013954
2 20 3268940 0.012178
2 21 2866285 0.010678
2 22 2524822 0.009406
2 23 2227131 0.008297
2 24 1974576 0.007356
2 25 1753725 0.006533
2 26 1564675 0.005829
2 27 1401435 0.005221
2 28 18024237 0.067146
3 0 805710 0.003002
3 1 2904222 0.010819
3 2 5963948 0.022217
3 3 9241053 0.034426
3 4 12131406 0.045193
3 5 14236579 0.053035
3 6 15497131 0.057731
3 7 15977991 0.059523
3 8 15840750 0.059011
3 9 15250005 0.056811
3 10 14371793 0.053539
3 11 13335165 0.049677
3 12 12216765 0.045511
3 13 11104970 0.041369
3 14 10018508 0.037322
3 15 9013209 0.033577
3 16 8075865 0.030085
3 17 7228110 0.026927
3 18 6467072 0.024092
3 19 5779773 0.021531
3 20 5175044 0.019279
3 21 4636179 0.017271
3 22 4154103 0.015475
3 23 3732476 0.013905
3 24 3359375 0.012515
3 25 3023884 0.011265
3 26 2736776 0.010195
3 27 2471010 0.009205
3 28 33686584 0.125492
4 0 282297 0.001052
4 1 1158687 0.004316
4 2 2689420 0.010019
4 3 4650733 0.017325
4 4 6744627 0.025126
4 5 8683824 0.032350
4 6 10280176 0.038297
4 7 11448084 0.042647
4 8 12193042 0.045423
4 9 12541010 0.046719
4 10 12559359 0.046787
4 11 12327365 0.045923
4 12 11900628 0.044333
4 13 11344339 0.042261
4 14 10710585 0.039900
4 15 10020802 0.037330
4 16 9327020 0.034746
4 17 8638049 0.032179
4 18 7970156 0.029691
4 19 7338315 0.027337
4 20 6743640 0.025122
4 21 6189106 0.023056
4 22 5670851 0.021126
4 23 5198216 0.019365
4 24 4765852 0.017754
4 25 4370090 0.016280
4 26 4004542 0.014918
4 27 3677549 0.013700
4 28 55007092 0.204917
5 0 96151 0.000358
5 1 442574 0.001649
5 2 1141983 0.004254
5 3 2179610 0.008120
5 4 3447778 0.012844
5 5 4821562 0.017962
5 6 6148489 0.022905
5 7 7335592 0.027327
5 8 8330259 0.031033
5 9 9090243 0.033864
5 10 9625813 0.035859
5 11 9940092 0.037030
5 12 10071810 0.037520
5 13 10039770 0.037401
5 14 9887544 0.036834
5 15 9626318 0.035861
5 16 9290904 0.034611
5 17 8903773 0.033169
5 18 8488820 0.031623
5 19 8043956 0.029966
5 20 7606954 0.028338
5 21 7160457 0.026675
5 22 6724404 0.025050
5 23 6302177 0.023477
5 24 5898055 0.021972
5 25 5513198 0.020538
5 26 5151435 0.019191
5 27 4808760 0.017914
5 28 82316975 0.306655
6 0 28995 0.000108
6 1 150639 0.000561
6 2 429398 0.001600
6 3 901494 0.003358
6 4 1556371 0.005798
6 5 2353370 0.008767
6 6 3231462 0.012038
6 7 4122963 0.015359
6 8 4979338 0.018549
6 9 5757970 0.021450
6 10 6435645 0.023975
6 11 6986750 0.026028
6 12 7418120 0.027635
6 13 7734602 0.028814
6 14 7940019 0.029579
6 15 8042751 0.029962
6 16 8066980 0.030052
6 17 8005587 0.029823
6 18 7883346 0.029368
6 19 7716431 0.028746
6 20 7509355 0.027975
6 21 7273222 0.027095
6 22 7015426 0.026134
6 23 6734168 0.025087
6 24 6458429 0.024060
6 25 6177289 0.023012
6 26 5894119 0.021957
6 27 5610990 0.020903
6 28 116020227 0.432209
7 0 6848 0.000026
7 1 39378 0.000147
7 2 126703 0.000472
7 3 294412 0.001097
7 4 556608 0.002074
7 5 918322 0.003421
7 6 1363250 0.005079
7 7 1868788 0.006962
7 8 2415340 0.008998
7 9 2971050 0.011068
7 10 3521016 0.013117
7 11 4043870 0.015065
7 12 4516688 0.016826
7 13 4936172 0.018389
7 14 5305456 0.019764
7 15 5608237 0.020892
7 16 5854726 0.021811
7 17 6039351 0.022498
7 18 6181213 0.023027
7 19 6261664 0.023327
7 20 6301222 0.023474
7 21 6304379 0.023486
7 22 6269109 0.023354
7 23 6204321 0.023113
7 24 6108823 0.022757
7 25 5989650 0.022313
7 26 5860638 0.021833
7 27 5719777 0.021308
7 28 156848445 0.584306
